320
-3.84008978732471 -1.3042320640704
-3.37292322849344 -1.26797876733957
-3.37292322849344 -1.26797876733957
-3.0721071465257 -1.17895132490623
-3.0721071465257 -1.17895132490623
-2.90656901833507 -1.0644978423316
-2.90656901833507 -1.0644978423316
-2.81649317681211 -0.93861641723342
-2.81649317681211 -0.93861641723342
-2.76840494175763 -0.80735795525579
-2.76840494175763 -0.80735795525579
-2.74572420302092 -0.673576950872832
-2.74572420302092 -0.673576950872832
-2.74004777835926 -0.538838341421953
-2.74004777835926 -0.538838341421953
-2.7470120249409 -0.404161751523984
-2.7470120249409 -0.404161751523984
-2.76442375691451 -0.270345634498669
-2.76442375691451 -0.270345634498669
-2.79139406689082 -0.138134255465679
-2.79139406689082 -0.138134255465679
-2.82793335601008 -0.00832632850366951
-2.82793335601008 -0.00832632850366951
-2.87477371359346 0.118131987268499
-2.87477371359346 0.118131987268499
-2.93330665835724 0.240047242722846
-2.93330665835724 0.240047242722846
-3.00556285889506 0.355858209770273
-3.00556285889506 0.355858209770273
-3.09414802809961 0.463489527316582
-3.09414802809961 0.463489527316582
-3.20198927977282 0.560193983746767
-3.20198927977282 0.560193983746767
-3.33165231317268 0.64244497043534
-3.33165231317268 0.64244497043534
-3.4839698394661 0.70602648678748
-3.4839698394661 0.70602648678748
-3.65609025885063 0.746548508369917
-3.65609025885063 0.746548508369917
-3.84008978732471 0.760509776405979
-3.84008978732471 0.760509776405979
-4.02408931579878 0.746548508369917
-4.02408931579878 0.746548508369917
-4.19620973518331 0.70602648678748
-4.19620973518331 0.70602648678748
-4.34852726147673 0.64244497043534
-4.34852726147673 0.64244497043534
-4.47819029487659 0.560193983746767
-4.47819029487659 0.560193983746767
-4.5860315465498 0.463489527316582
-4.5860315465498 0.463489527316582
-4.67461671575435 0.355858209770273
-4.67461671575435 0.355858209770273
-4.74687291629217 0.240047242722846
-4.74687291629217 0.240047242722846
-4.80540586105595 0.118131987268499
-4.80540586105595 0.118131987268499
-4.85224621863933 -0.00832632850366933
-4.85224621863933 -0.00832632850366933
-4.88878550775859 -0.138134255465679
-4.88878550775859 -0.138134255465679
-4.9157558177349 -0.270345634498669
-4.9157558177349 -0.270345634498669
-4.93316754970851 -0.404161751523984
-4.93316754970851 -0.404161751523984
-4.94013179629015 -0.538838341421952
-4.94013179629015 -0.538838341421952
-4.93445537162849 -0.673576950872832
-4.93445537162849 -0.673576950872832
-4.91177463289178 -0.807357955255789
-4.91177463289178 -0.807357955255789
-4.8636863978373 -0.93861641723342
-4.8636863978373 -0.93861641723342
-4.77361055631434 -1.0644978423316
-4.77361055631434 -1.0644978423316
-4.60807242812371 -1.17895132490623
-4.60807242812371 -1.17895132490623
-4.30725634615597 -1.26797876733957
-4.30725634615597 -1.26797876733957
-3.84008978732471 -1.3042320640704
-3.84008036188596 -1.30394605627137
-3.37339731916559 -1.26773184028721
-3.37339731916559 -1.26773184028721
-3.07268016827818 -1.17877182175198
-3.07268016827818 -1.17877182175198
-2.90709013626191 -1.06437370377628
-2.90709013626191 -1.06437370377628
-2.81694615493025 -0.938533847407962
-2.81694615493025 -0.938533847407962
-2.76880153473333 -0.807307903229146
-2.76880153473333 -0.807307903229146
-2.74607798164404 -0.673553924672489
-2.74607798164404 -0.673553924672489
-2.74036973240102 -0.538839072409671
-2.74036973240102 -0.538839072409671
-2.74731051055651 -0.404184383298264
-2.74731051055651 -0.404184383298264
-2.76470507880776 -0.270389267943623
-2.76470507880776 -0.270389267943623
-2.79166297126347 -0.138198694204194
-2.79166297126347 -0.138198694204194
-2.82819331953055 -0.00841193243546843
-2.82819331953055 -0.00841193243546843
-2.8750270147163 0.118024397089751
-2.8750270147163 0.118024397089751
-2.93355420627479 0.239916473281374
-2.93355420627479 0.239916473281374
-3.00580372287955 0.355702832624163
-3.00580372287955 0.355702832624163
-3.09437859945826 0.463308141415802
-3.09437859945826 0.463308141415802
-3.20220209405417 0.559985719562286
-3.20220209405417 0.559985719562286
-3.33183493815083 0.642210356485304
-3.33183493815083 0.642210356485304
-3.48410505556202 0.705768657906864
-3.48410505556202 0.705768657906864
-3.6561594979399 0.746274286336621
-3.6561594979399 0.746274286336621
-3.84008036188596 0.760229575227364
-3.84008036188596 0.760229575227364
-4.02400122583201 0.746274286336621
-4.02400122583201 0.746274286336621
-4.19605566820989 0.705768657906864
-4.19605566820989 0.705768657906864
-4.34832578562109 0.642210356485304
-4.34832578562109 0.642210356485304
-4.47795862971775 0.559985719562286
-4.47795862971775 0.559985719562286
-4.58578212431366 0.463308141415802
-4.58578212431366 0.463308141415802
-4.67435700089236 0.355702832624163
-4.67435700089236 0.355702832624163
-4.74660651749713 0.239916473281374
-4.74660651749713 0.239916473281374
-4.80513370905562 0.118024397089751
-4.80513370905562 0.118024397089751
-4.85196740424136 -0.00841193243546825
-4.85196740424136 -0.00841193243546825
-4.88849775250844 -0.138198694204194
-4.88849775250844 -0.138198694204194
-4.91545564496415 -0.270389267943623
-4.91545564496415 -0.270389267943623
-4.93285021321541 -0.404184383298264
-4.93285021321541 -0.404184383298264
-4.93979099137089 -0.53883907240967
-4.93979099137089 -0.53883907240967
-4.93408274212787 -0.673553924672489
-4.93408274212787 -0.673553924672489
-4.91135918903858 -0.807307903229146
-4.91135918903858 -0.807307903229146
-4.86321456884166 -0.938533847407962
-4.86321456884166 -0.938533847407962
-4.77307058751 -1.06437370377628
-4.77307058751 -1.06437370377628
-4.60748055549373 -1.17877182175198
-4.60748055549373 -1.17877182175198
-4.30676340460633 -1.26773184028721
-4.30676340460633 -1.26773184028721
-3.84008036188596 -1.30394605627137
-1.81543166069018 -1.40377802277254
-1.05451465635826 -1.34455293753942
-1.05451465635826 -1.34455293753942
-0.704061744599833 -1.2229063419343
-0.704061744599833 -1.2229063419343
-0.532017428777841 -1.0836387276996
-0.532017428777841 -1.0836387276996
-0.427424559123151 -0.938417832664954
-0.427424559123151 -0.938417832664954
-0.352992222548488 -0.790723099082051
-0.352992222548488 -0.790723099082051
-0.29375083104379 -0.641926095449193
-0.29375083104379 -0.641926095449193
-0.242510448766243 -0.492711282589012
-0.242510448766243 -0.492711282589012
-0.195220453145317 -0.343504839164598
-0.195220453145317 -0.343504839164598
-0.149202341846179 -0.194638735817995
-0.149202341846179 -0.194638735817995
-0.102348137802189 -0.0464321054754313
-0.102348137802189 -0.0464321054754313
-0.0526704604466739 0.100751625297826
-0.0526704604466739 0.100751625297826
0.00203660183250862 0.246445489618439
0.00203660183250862 0.246445489618439
0.0645535611540298 0.38999691621124
0.0645535611540298 0.38999691621124
0.13871394549426 0.530434750684243
0.13871394549426 0.530434750684243
0.230125758916061 0.666235872813642
0.230125758916061 0.666235872813642
0.347252607794225 0.794899325390495
0.347252607794225 0.794899325390495
0.502714064952493 0.912173995939221
0.502714064952493 0.912173995939221
0.713234888770167 1.01081173302993
0.713234888770167 1.01081173302993
0.992146461211421 1.07942171922145
0.992146461211421 1.07942171922145
1.32616099289961 1.10453220166254
1.32616099289961 1.10453220166254
-4.62300978259179 1.07942171922145
-4.62300978259179 1.07942171922145
-4.34409821015053 1.01081173302993
-4.34409821015053 1.01081173302993
-4.13357738633286 0.912173995939221
-4.13357738633286 0.912173995939221
-3.97811592917459 0.794899325390496
-3.97811592917459 0.794899325390496
-3.86098908029643 0.666235872813642
-3.86098908029643 0.666235872813642
-3.76957726687463 0.530434750684243
-3.76957726687463 0.530434750684243
-3.6954168825344 0.389996916211241
-3.6954168825344 0.389996916211241
-3.63289992321288 0.246445489618439
-3.63289992321288 0.246445489618439
-3.57819286093369 0.100751625297826
-3.57819286093369 0.100751625297826
-3.52851518357818 -0.0464321054754311
-3.52851518357818 -0.0464321054754311
-3.48166097953419 -0.194638735817995
-3.48166097953419 -0.194638735817995
-3.43564286823505 -0.343504839164598
-3.43564286823505 -0.343504839164598
-3.38835287261412 -0.492711282589011
-3.38835287261412 -0.492711282589011
-3.33711249033658 -0.641926095449192
-3.33711249033658 -0.641926095449192
-3.27787109883188 -0.790723099082051
-3.27787109883188 -0.790723099082051
-3.20343876225722 -0.938417832664954
-3.20343876225722 -0.938417832664954
-3.09884589260253 -1.0836387276996
-3.09884589260253 -1.0836387276996
-2.92680157678053 -1.2229063419343
-2.92680157678053 -1.2229063419343
-2.57634866502211 -1.34455293753942
-2.57634866502211 -1.34455293753942
-1.81543166069019 -1.40377802277254
3.05273814497479 -1.02966982276438
2.80184530802129 -1.0098216365547
2.80184530802129 -1.0098216365547
2.58467109233063 -0.954140300603602
2.58467109233063 -0.954140300603602
2.41506513170395 -0.871243244749493
2.41506513170395 -0.871243244749493
2.28973924736134 -0.76970650880864
2.28973924736134 -0.76970650880864
2.19956024359423 -0.655939941710233
2.19956024359423 -0.655939941710233
2.13592133283044 -0.53424080201265
2.13592133283044 -0.53424080201265
2.09241778153031 -0.407433951473219
2.09241778153031 -0.407433951473219
2.06473352886862 -0.277430983036171
2.06473352886862 -0.277430983036171
2.05017683849062 -0.145608276156961
2.05017683849062 -0.145608276156961
2.04729415806745 -0.0130518583864141
2.04729415806745 -0.0130518583864141
2.05563893490963 0.119273922863374
2.05563893490963 0.119273922863374
2.07568762505759 0.250391011216528
2.07568762505759 0.250391011216528
2.10888892593702 0.379172277735461
2.10888892593702 0.379172277735461
2.15783813321788 0.504174481348521
2.15783813321788 0.504174481348521
2.22655158843288 0.623402997579734
2.22655158843288 0.623402997579734
2.32071561115426 0.733968408343038
2.32071561115426 0.733968408343038
2.44745719387579 0.831624967727069
2.44745719387579 0.831624967727069
2.61344365798502 0.910342486958959
2.61344365798502 0.910342486958959
2.8194959421713 0.962519571181942
2.8194959421713 0.962519571181942
3.05273814497479 0.980949673306074
3.05273814497479 0.980949673306074
-2.99720495940131 0.962519571181942
-2.99720495940131 0.962519571181942
-2.79115267521502 0.910342486958959
-2.79115267521502 0.910342486958959
-2.6251662111058 0.831624967727069
-2.6251662111058 0.831624967727069
-2.49842462838426 0.733968408343038
-2.49842462838426 0.733968408343038
-2.40426060566288 0.623402997579735
-2.40426060566288 0.623402997579735
-2.33554715044788 0.504174481348522
-2.33554715044788 0.504174481348522
-2.28659794316702 0.379172277735461
-2.28659794316702 0.379172277735461
-2.2533966422876 0.250391011216528
-2.2533966422876 0.250391011216528
-2.23334795213964 0.119273922863375
-2.23334795213964 0.119273922863375
-2.22500317529745 -0.0130518583864139
-2.22500317529745 -0.0130518583864139
-2.22788585572062 -0.14560827615696
-2.22788585572062 -0.14560827615696
-2.24244254609862 -0.277430983036171
-2.24244254609862 -0.277430983036171
-2.27012679876031 -0.407433951473219
-2.27012679876031 -0.407433951473219
-2.31363035006045 -0.53424080201265
-2.31363035006045 -0.53424080201265
-2.37726926082423 -0.655939941710233
-2.37726926082423 -0.655939941710233
-2.46744826459134 -0.76970650880864
-2.46744826459134 -0.76970650880864
-2.59277414893396 -0.871243244749492
-2.59277414893396 -0.871243244749492
-2.76238010956063 -0.954140300603602
-2.76238010956063 -0.954140300603602
-2.97955432525129 -1.0098216365547
-2.97955432525129 -1.0098216365547
-3.2304471622048 -1.02966982276438
